5.288852537877584137e-01
4.718747953272930395e-01
4.330246765205136850e-01
4.075539695643107807e-01
3.950994512272671400e-01
3.935292789745205022e-01
3.985023949399763010e-01
4.080748597260982491e-01
4.334607393408725917e-01
4.543957435337506734e-01
4.735291277470092819e-01
4.891417569256425457e-01
4.943345241782365340e-01
4.944320121816732083e-01
4.890536641495211723e-01
4.723935073373861093e-01
4.497571349217363568e-01
4.208311060304011919e-01
3.855571952280243964e-01
3.469230496096102900e-01
3.051846808540119027e-01
2.649865791234236601e-01
2.282052872520576592e-01
1.942948218609284738e-01
1.661987810670161603e-01
1.414506194736946665e-01
1.199325891817339812e-01
1.009931277477319062e-01
8.536455090146953528e-02
7.245354318370784974e-02
6.096501678500002713e-02
5.111671446841813821e-02
4.284502036127178087e-02
3.539719819988561278e-02
2.917690399831634335e-02
2.389149947847193575e-02
1.945858712856718756e-02
1.567985524459244995e-02
1.250640267145413341e-02
9.943959826003580249e-03
7.848141908997727234e-03
6.152735017445234815e-03
4.762491629978309743e-03
3.729012647767383001e-03
2.947758559950910268e-03
2.322974376931019602e-03
1.835227938556824095e-03
1.447406335280213138e-03
1.151941417341065428e-03
9.240620689436340220e-04
7.458980252123311849e-04
6.131506591909794942e-04
5.113347827117399385e-04
4.291120041288678144e-04
3.626179697302539702e-04
3.116988975184350704e-04
2.703902251484693311e-04
2.364700155931747185e-04
2.084470986163664073e-04
1.851605773075797479e-04
1.641500560879141310e-04
1.471227105373157438e-04
1.313124455258780367e-04
1.177780636280534922e-04
1.053287399573396831e-04
9.424934202675926218e-05
8.458150591152996292e-05
7.582905598401379311e-05
6.817688320515144886e-05
6.132276688324812765e-05
5.492955023179131813e-05
4.869176094646299142e-05
4.347622482006364985e-05
3.899515486833181072e-05
3.488075252196580717e-05
3.116292494158660333e-05
2.781419513463082350e-05
2.486198508299906692e-05
2.214112187619451415e-05
1.954784358241707667e-05
1.727926506110261898e-05
1.521607551807073256e-05
1.336840478935872787e-05
1.183040950881354765e-05
1.040690720430938104e-05
9.162571362138750177e-06
8.085029183284820093e-06
7.107473370912383966e-06
6.241087371099744359e-06
5.453043056389923616e-06
4.769320756050290599e-06
4.190385600440910299e-06
3.700801829500163177e-06
3.257212798697620114e-06
2.874213793121308989e-06
2.519626879953793587e-06
2.208217329313884531e-06
1.951320787156639237e-06
1.716411623946232483e-06
1.511326906388953103e-06
1.337143615685522193e-06
1.189744278505265442e-06
1.056919517181245105e-06
9.399120507966458974e-07
8.332403798157221233e-07
7.422482971822520912e-07
6.532395478398133044e-07
5.565305144933799955e-07
4.903595796383591939e-07
4.427590149807627196e-07
3.930027424611809906e-07
3.449305871357092009e-07
3.110917014316902271e-07
2.800338871406251164e-07
2.503690452267528520e-07
2.215943141504883664e-07
1.987172731570256706e-07
1.801443794286070622e-07
1.538077073953680526e-07
1.400250509969331166e-07
1.277078630177706193e-07
1.138663263077575365e-07
1.034329689520686460e-07
9.409690811381017500e-08
8.601710085297541345e-08
7.746964650010985588e-08
7.120545663037569136e-08
6.065990183778267258e-08
5.568080837276457465e-08
4.756248746799233310e-08
4.154548768401090720e-08
3.834597338337522430e-08
3.517979464776491456e-08
2.954845569919116854e-08
2.712924722483794778e-08
2.266242787758940456e-08
1.643676023617682337e-08
1.321987444238843697e-08
1.032254961855246624e-08
5.972673263691140309e-09
5.518734316151139197e-09
2.940998977258028291e-09
2.713165429907033337e-09
2.504059174146238642e-09
2.312067502275673425e-09
2.135722093397633765e-09
1.973685973658638536e-09
