2.292074008135167595e-01
2.026777658309637242e-01
1.843909026735134626e-01
1.671632972186804789e-01
1.544424793774171190e-01
1.433800005839820091e-01
1.350504677254122099e-01
1.306481677647665929e-01
1.264441675299206869e-01
1.266894389511945829e-01
1.242911956688429881e-01
1.231944639022338889e-01
1.218420327341418335e-01
1.197650404866342222e-01
1.194512274101366400e-01
1.176145608502047885e-01
1.162357932195197813e-01
1.178087009594743911e-01
1.172855094171371682e-01
1.181330380458572443e-01
1.184693913113802344e-01
1.181721957193496847e-01
1.178853606324315323e-01
1.167474987167503725e-01
1.156707356266338527e-01
1.132902760938649667e-01
1.122894978536062988e-01
1.110847351770794800e-01
1.096748619647551493e-01
1.081764267397525847e-01
1.071511740479881292e-01
1.045731626243387585e-01
1.017827582291034594e-01
1.000986745489215735e-01
9.840266685151491388e-02
9.520497690785070799e-02
9.274839278133739651e-02
9.081798185299512494e-02
8.697592104019177817e-02
8.407089135441112027e-02
7.992006383620708920e-02
7.652869722155068721e-02
7.424122251523147809e-02
7.207116729633396279e-02
7.018984964492556988e-02
6.779306555880992846e-02
6.485968968679729774e-02
6.218915536948514677e-02
5.975203274915268786e-02
5.701665979218677183e-02
5.461283928271752630e-02
5.178167668812247437e-02
5.000341681868223503e-02
4.808575329275144999e-02
4.563908228578164583e-02
4.336355146096540492e-02
4.134924700231344674e-02
3.920810067976489288e-02
3.727646276914965695e-02
3.553642224603984628e-02
3.392556052340277295e-02
3.236987891699263237e-02
3.079007881668957211e-02
2.937101531656343550e-02
2.790580950187846604e-02
2.641273293374202941e-02
2.535419836047490480e-02
2.426250714742912359e-02
2.332672044063528738e-02
2.239783361988450724e-02
2.175458267466111664e-02
2.075515060751970814e-02
1.976751919978984168e-02
1.899556784423085676e-02
1.821306500945384099e-02
1.736124173649374394e-02
1.664325061158868080e-02
1.600581349926970959e-02
1.533070432797271031e-02
1.467681586168857570e-02
1.411105394942568404e-02
1.360100165270608681e-02
1.311847890622872687e-02
1.265729889942970691e-02
1.224601219938846811e-02
1.181095283080458788e-02
1.122776883088903721e-02
1.072641859050139056e-02
1.027582834121980836e-02
9.857976650713735564e-03
9.431718256642672785e-03
9.020817772138740517e-03
8.603834519653743088e-03
8.198368513320473949e-03
7.853584572290619667e-03
7.591223059502396307e-03
7.319156730563875293e-03
7.067551467870504533e-03
6.798726531248779938e-03
6.514133938160211051e-03
6.246249049592353386e-03
6.003454606413548798e-03
5.804944653856899429e-03
5.631021800124873418e-03
5.415113310150500812e-03
5.197491333030415141e-03
5.021745680494293929e-03
4.860482236129021888e-03
4.695475579867739065e-03
4.495542551830243767e-03
4.349074930364640879e-03
4.180263459594215150e-03
4.040323041135252501e-03
3.886420032044559086e-03
3.735807185762261319e-03
3.599599527599934429e-03
3.476196184367206805e-03
3.360967231892459956e-03
3.235609512229742964e-03
3.133428429617586466e-03
3.042459111070828712e-03
2.931145225594936846e-03
2.824411123638234395e-03
2.724896808520620769e-03
2.660788746785060742e-03
2.597452907006913680e-03
2.519273762184768683e-03
2.436788260508748749e-03
2.337303265369607575e-03
2.271396023332017487e-03
2.210712134751891596e-03
2.132334160458175011e-03
2.042280023911825695e-03
1.957866559293143429e-03
1.896088823024290847e-03
1.830839581285179617e-03
1.781718025752363627e-03
1.730483845715113499e-03
1.673993813543820774e-03
1.623880084240443902e-03
1.579549359846807921e-03
1.534103839545083179e-03
1.494534232156804034e-03
1.463118527692821745e-03
1.430624411946911393e-03
1.376390951164788764e-03
1.330289676103611372e-03
1.286948650870196713e-03
1.250085375887421404e-03
1.219130576011224956e-03
1.172515910359471676e-03
1.125175572433887361e-03
1.089147798000044028e-03
1.059254719119501935e-03
1.037761077454090342e-03
1.004397382992266129e-03
9.755750342473845605e-04
9.501003826820205670e-04
9.214992210914335668e-04
9.027599223937847733e-04
8.775862224590367296e-04
8.524005895141667684e-04
8.286236398800535773e-04
8.031971333417384359e-04
7.809846333313014404e-04
7.617349263425328681e-04
7.435174837511621376e-04
7.228618265916820270e-04
6.971628182637877591e-04
6.719080290776452717e-04
6.478564929460726724e-04
6.229114331161463274e-04
6.016176633212561410e-04
5.832680397501009565e-04
5.663890870503891827e-04
5.483787551187453918e-04
5.283133008013991784e-04
5.138255243925243928e-04
4.998191428620058418e-04
4.873415469660750477e-04
4.712497502375242596e-04
4.540792268001230350e-04
4.389599779563288159e-04
4.217373912513982409e-04
4.051377467428297018e-04
3.921033563757552777e-04
3.789451667238276128e-04
3.670476686307935386e-04
3.566544873127553382e-04
3.462162987158001900e-04
3.354120240698634458e-04
3.199917031795935390e-04
3.068858040563804098e-04
2.949687505705513480e-04
2.820352629338566865e-04
2.717461088289920522e-04
2.624156257306020992e-04
2.564087330318135416e-04
2.476936017985201981e-04
2.391256748616618589e-04
2.307622630489324870e-04
2.217332362736256640e-04
2.133929207224113912e-04
2.039752777982803216e-04
1.963480591162317644e-04
1.891852332405431975e-04
1.828069075503026882e-04
1.751601352772669783e-04
1.674299725552860329e-04
1.610967150428391519e-04
1.546907152072489727e-04
1.484618165555200186e-04
1.426663627347928649e-04
1.367827682088339268e-04
1.309638746834850106e-04
1.250108080482751802e-04
1.198471743891622561e-04
1.153493232807650419e-04
1.107721659424600524e-04
1.069122330243556663e-04
1.028777408294202273e-04
9.912829839836606518e-05
9.525296821752994309e-05
9.110428684034844397e-05
8.694026147499476381e-05
8.204465342481753872e-05
7.735390855516953749e-05
7.388528352080122544e-05
7.083170066837030175e-05
6.764905301283961740e-05
6.432310768746278876e-05
6.121375474776433905e-05
5.822702287872091420e-05
5.505337637435578401e-05
5.180448836346509259e-05
4.894899814232867708e-05
4.658822538378169456e-05
4.431338978450192394e-05
4.194107938659267425e-05
3.984152308671907479e-05
3.795521531661638214e-05
3.606100497733919153e-05
3.428695405542409627e-05
3.257775830893988893e-05
3.097326281079013517e-05
2.935526622072682864e-05
2.767799395861660807e-05
2.594789221316847635e-05
2.429260169401671761e-05
2.272353080153649926e-05
2.139651766694217292e-05
2.017009783061656479e-05
1.907796158722319468e-05
1.810257697896570760e-05
1.711155865897773050e-05
1.621221482308640632e-05
1.435148896532197272e-05
1.340863800002054524e-05
1.256131964292030067e-05
1.182606569350617345e-05
1.117645304029616461e-05
1.054839632509640314e-05
1.001595025484171578e-05
9.533253668444990368e-06
9.099661195946066601e-06
8.585113831373968499e-06
8.052544286156821702e-06
7.589600207713724939e-06
7.204129264655548914e-06
6.801397919098860158e-06
6.375058670982188447e-06
5.998884962899410653e-06
5.634354640208157071e-06
5.310279377445231697e-06
4.997460046736285214e-06
4.709307184312532893e-06
4.428311165727325351e-06
4.172654826831509495e-06
3.794475031420249469e-06
3.505834984853264378e-06
3.334236520570808415e-06
3.155773772079783376e-06
2.980579201721153408e-06
2.662567513032694549e-06
2.523572940784432086e-06
2.404922171767600002e-06
2.180059806357253284e-06
2.067826376959570900e-06
1.972857808827768494e-06
1.890430569236353712e-06
1.800220179315615458e-06
1.241464176681945546e-06
1.168791123291538599e-06
1.013725567781683322e-06
8.607893413186031438e-07
8.140270975889052634e-07
6.308023960760591845e-07
6.046054086126859606e-07
5.792525725908390591e-07
4.503345517136891839e-07
4.291868000595907062e-07
4.113257670513142240e-07
3.936354052391582479e-07
2.032881602400396991e-07
1.936489845984855390e-07
1.872853708555790246e-07
1.810972906038698424e-07
1.747356703120603359e-07
1.698798351558674231e-07
5.777992438754114553e-08
5.560039114105284692e-08
5.239014334058094712e-08
