7.290755244016191572e-01
6.448443386236732966e-01
5.779908902995258835e-01
5.222923298924005975e-01
4.767010059487600815e-01
4.395261102707806455e-01
4.083013446671781566e-01
3.845230481721655380e-01
3.678386905047716926e-01
3.654147563741590998e-01
3.568915909294656519e-01
3.477272225526578664e-01
3.399406306589795590e-01
3.354842444344450225e-01
3.322452230572460197e-01
3.299703110140816964e-01
3.291316677389411471e-01
3.290709362928694315e-01
3.323142703777817175e-01
3.349020313841384322e-01
3.369009293879338118e-01
3.390453813952499784e-01
3.416992709713200793e-01
3.446275178584395915e-01
3.451746744822876134e-01
3.481459994683707704e-01
3.460506545991622884e-01
3.438074190419010412e-01
3.418675514797050452e-01
3.401596627871842915e-01
3.406235475753993658e-01
3.413250978414607006e-01
3.394009740298407629e-01
3.375756889585966314e-01
3.338150330830333967e-01
3.306622683276441710e-01
3.254992478034250958e-01
3.201580402966388017e-01
3.157282705680660717e-01
3.124254405072325325e-01
3.083458982619702859e-01
3.035934785324994611e-01
3.008333400154900583e-01
2.976678722065062010e-01
2.933861229979580210e-01
2.878802891663220231e-01
2.848864927772234434e-01
2.799763003485805646e-01
2.751963725219113144e-01
2.719918992340137343e-01
2.677615004809278387e-01
2.620447932600554197e-01
2.563149036625965160e-01
2.513023296164176301e-01
2.455666071296413733e-01
2.394770689233769179e-01
2.339495209312285329e-01
2.282591136111991326e-01
2.217705813303562090e-01
2.150829739223205361e-01
2.068368027919337548e-01
1.986340687855344955e-01
1.911487320573640736e-01
1.831850377111492456e-01
1.751490297137221763e-01
1.683223197617033651e-01
1.616311119588798584e-01
1.541570470514650459e-01
1.467821798775335029e-01
1.389882523245470902e-01
1.313945653014851889e-01
1.236934702324568730e-01
1.164947306599467963e-01
1.094954232871890448e-01
1.029562584093110245e-01
9.629377593065394092e-02
8.997463699815824723e-02
8.384414796366793099e-02
7.784805887663337476e-02
7.173013519891685563e-02
6.624791193587677152e-02
6.075611654094066616e-02
5.578373563011197744e-02
5.094573784208870221e-02
4.625202905173517176e-02
4.189469811723397358e-02
3.782046863338195397e-02
3.401536214724704826e-02
3.031147943630903632e-02
2.693212878617366399e-02
2.388187235807160552e-02
2.111126156723563616e-02
1.861665997796334987e-02
1.628508212948187941e-02
1.414407857611717743e-02
1.218642290467297426e-02
1.055859778486206886e-02
9.091388240441570026e-03
7.806975996508966342e-03
6.668263918105463844e-03
5.702120805944647583e-03
4.875437671070534038e-03
4.127008358073617350e-03
3.497087229545881287e-03
2.945912625654902202e-03
2.495598475778891025e-03
2.090004404290585725e-03
1.753587812047251518e-03
1.470659201984994514e-03
1.243708835456276696e-03
1.043813233333436546e-03
8.721238248147910503e-04
7.305722613033157611e-04
6.127252146648847712e-04
5.162175229761872255e-04
4.332364296066380620e-04
3.605958769281315227e-04
3.020049713396261138e-04
2.549107337940669155e-04
2.154460889953942757e-04
1.830633887617293977e-04
1.556118003442490973e-04
1.328420728461874288e-04
1.133029672342588258e-04
9.745648077457481114e-05
8.398610913487022716e-05
7.235296226429786706e-05
6.290274130192892812e-05
5.495432947872373926e-05
4.830691322622869576e-05
4.277768878584633231e-05
3.790798297043652108e-05
3.392883705650106917e-05
2.991443207920344911e-05
2.676437542647479282e-05
2.376376124144731188e-05
2.086994661849180362e-05
1.864009757924145802e-05
1.677596323348002957e-05
1.527503331223744112e-05
1.389528797375252701e-05
1.215637492286550469e-05
1.116836202736440975e-05
1.022301300655615946e-05
9.198802536461264296e-06
8.487744484492021184e-06
7.529227397408440998e-06
6.762022348056149792e-06
6.072548230467398421e-06
5.658593562747406268e-06
4.969175805920508828e-06
4.599921571790580107e-06
4.038348711671254271e-06
3.620478132462724972e-06
3.126718302432546444e-06
2.531455216679324654e-06
2.366606926781487268e-06
1.801815635833508920e-06
1.268924626656956645e-06
1.184760363405697834e-06
1.106654583408947959e-06
7.884930410762563728e-07
7.364859617663361834e-07
6.882310640548714934e-07
4.978770735607657538e-07
4.664714735019148956e-07
4.372262186216545236e-07
4.099820676612528433e-07
3.846171322807906127e-07
3.609919363026973751e-07
1.709752387870937167e-07
