5.000000000000000000e+00 1.382926993207179045e+01 1.331356182586070358e-01 1.671451520252098311e+00 1.011941847383053712e-02 8.391538386562170980e-04 4.683940455023625216e-01 1.085982949944802947e-02 6.159898259040762269e+00 6.580179415950238031e+00 6.550467580620866315e+00 6.659866163466403144e+00 7.539642881223365158e-03 1.279847035080453055e-01
5.000000000000000000e+00 1.296146797216203339e+01 1.739284982941824709e-01 2.190773731761761045e+00 1.349692273214709443e-02 1.123137815540142543e-03 6.258989772330643131e-01 1.455426624611488688e-02 6.209510447212676532e+00 6.610962483342542662e+00 6.577005156903453553e+00 6.677073969658497532e+00 7.675523397314847757e-03 9.930381755546320577e-02
5.000000000000000000e+00 1.332512454866172469e+01 3.293338090748331171e-01 4.175416369288688756e+00 2.405412956762319893e-02 2.006252612458968559e-03 1.117130192381652787e+00 2.600222245201656499e-02 6.110361562477121034e+00 6.407365135116532606e+00 6.393948948946227340e+00 6.471106206134809469e+00 6.992108652536094954e-03 1.128252108973843287e-01
5.000000000000000000e+00 1.455298586424049923e+01 3.041689331500183613e-01 3.730076286652821427e+00 2.689386816704128838e-02 2.156320899448543622e-03 1.223594169539678811e+00 2.746755881155604068e-02 6.449923443715605664e+00 7.046001305863899056e+00 6.935579808353942610e+00 7.066521688999972461e+00 8.855560912071947649e-03 1.482774247564458692e-01
5.000000000000000000e+00 1.440351267241371680e+01 5.107973143489321632e-01 6.276456056136122896e+00 4.483543870183219482e-02 3.594351144023007899e-03 2.040027539042657878e+00 4.576315548557157581e-02 6.443841639607764016e+00 7.008062242242414364e+00 6.897392259671460302e+00 7.018616206899538135e+00 8.552346248760616873e-03 1.429140467995861918e-01
5.000000000000000000e+00 1.565591211647103798e+01 5.411048046734845407e-01 6.264892388286797953e+00 5.470505613603534462e-02 4.095228839026337359e-03 2.401110124595847495e+00 5.063739707384676964e-02 6.648115019894023092e+00 7.696982685856007755e+00 7.454567655585946362e+00 7.684038950602537277e+00 1.073795751909176720e-02 1.813777987825754001e-01
5.000000000000000000e+00 1.874418375814130755e+01 6.656930793397375368e-01 7.767824331399499904e+00 6.673481272420414556e-02 5.009725894757359813e-03 2.934485897239644814e+00 6.195471862509160932e-02 6.657550578348439885e+00 7.551993110046673507e+00 7.370917633575672312e+00 7.572458421114806271e+00 1.028381110074169658e-02 3.800453248349848212e-01
5.000000000000000000e+00 1.885666651071223754e+01 9.204377827177279148e-01 1.081594430123348083e+01 8.917251616006140191e-02 6.675343521553553199e-03 3.917690058407320208e+00 8.231461140266239929e-02 6.620226098897316724e+00 7.339303136978711173e+00 7.208665785114130031e+00 7.376064844222922190e+00 9.362533497212360833e-03 3.942091044378108200e-01
5.000000000000000000e+00 1.845303475658410974e+01 1.108617230093895678e+00 1.301001006211244082e+01 1.022568098786077878e-01 7.586389675695122056e-03 4.473088791549657550e+00 9.309188433150894504e-02 6.527969614230905826e+00 7.163484838539798005e+00 7.065186908740738403e+00 7.221984025039173360e+00 8.758181245661716963e-03 3.635803550137124973e-01
5.000000000000000000e+00 1.828544739655167461e+01 1.307195283849878376e+00 1.523153309034024616e+01 1.166253912061631787e-01 8.442147707626237660e-03 5.040771771139363366e+00 1.022392647060682280e-01 6.481100158472887784e+00 6.989675570331889354e+00 6.936297127317081035e+00 7.072282787957846928e+00 7.900566754547691181e-03 3.490535980005546324e-01
5.000000000000000000e+00 1.867657467142430150e+01 1.296842896717763649e+00 1.498800673166151221e+01 1.229570246746166384e-01 8.734029396826699029e-03 5.265045867257272860e+00 1.047466612556263027e-01 6.621757827078472936e+00 7.121495495907021578e+00 7.055953857412983865e+00 7.184339917042223078e+00 8.210006281170996803e-03 3.729361564564451781e-01
5.000000000000000000e+00 1.855488744935831846e+01 1.519122731932472270e+00 1.759905950946803799e+01 1.345065927145282780e-01 9.538971864044117760e-03 5.756032413756121180e+00 1.142465300549030532e-01 6.486191026385611735e+00 6.915065354603764369e+00 6.872411887924290141e+00 6.988484366852333096e+00 7.487943039093078977e-03 3.686470541275853607e-01
5.000000000000000000e+00 1.969898189522843523e+01 1.083583357684612780e+00 1.208156126251945395e+01 1.104282643543652159e-01 7.478759507039435366e-03 4.613345339539919543e+00 8.778479253347432065e-02 6.734179182123104290e+00 7.454775558409538760e+00 7.321729331076924474e+00 7.496161347910796913e+00 8.882856613139771332e-03 4.423116244636664529e-01
5.000000000000000000e+00 1.676628846319447774e+01 2.310457629812982638e+00 2.698017114141465100e+01 1.620520522324595536e-01 1.146573593169665679e-02 6.930736121949154338e+00 1.369354752721609614e-01 6.037935359170901073e+00 6.281997685763021977e+00 6.291308130715195013e+00 6.370737909539403887e+00 5.686428872458707158e-03 2.569185366783723889e-01
5.000000000000000000e+00 1.856261021663648236e+01 1.353101038695672997e+00 1.544447002338473851e+01 1.201705104147278297e-01 8.280074682198353478e-03 5.068849325633383529e+00 9.775237595189507911e-02 6.492307705546963348e+00 6.971409492253083151e+00 6.876364560306210016e+00 6.990658347381046411e+00 7.365521788456193437e-03 3.641861727753937239e-01
5.000000000000000000e+00 1.605256199657084792e+01 2.422560853310554929e+00 2.828654385637956636e+01 1.577689835760305859e-01 1.109035331166477630e-02 6.727127069192236242e+00 1.319359431195187005e-01 5.903444822477197818e+00 6.084487704203903391e+00 6.110988552994656153e+00 6.176293974063974623e+00 5.126233310526010292e-03 2.187085415955927759e-01
5.000000000000000000e+00 1.906156540008582567e+01 1.153097385897595251e+00 1.287526848673138602e+01 1.093077453192222576e-01 7.316138787914532905e-03 4.541974718936110378e+00 8.524776016810811652e-02 6.604957005904774192e+00 7.232823725665125991e+00 7.083370479339849979e+00 7.224660104649740511e+00 7.895805386807628126e-03 3.932886398555314189e-01
5.000000000000000000e+00 1.880037200136364817e+01 1.313041936741043969e+00 1.486728486459921506e+01 1.147072639975714181e-01 7.749599174878547651e-03 4.791573342132807944e+00 9.056251055477304579e-02 6.465919889411661181e+00 6.893990084033966070e+00 6.819161995848253888e+00 6.924546599347780607e+00 6.967554803351127743e-03 3.824479637666168275e-01
5.000000000000000000e+00 1.785627307426325316e+01 1.082204042603210459e+00 1.203054069074044286e+01 1.039109956674888341e-01 6.888803705783943208e-03 4.297400601474233639e+00 7.986985493892451160e-02 6.635431916271929076e+00 7.258221203236880470e+00 7.105118671249267770e+00 7.241191675152554907e+00 7.763997176515588516e-03 2.993462434486724999e-01
5.000000000000000000e+00 1.769376645509911938e+01 1.690579563607954361e+00 1.938702492621420603e+01 1.292111836211206621e-01 8.816745310680938405e-03 5.427050806181926923e+00 1.033976320228195966e-01 6.215661077234237553e+00 6.493860694499077546e+00 6.463053361864580459e+00 6.538767911599479454e+00 5.852428029810772571e-03 3.103271514268866604e-01
5.000000000000000000e+00 1.798361875709768753e+01 1.495082811405934020e+00 1.714915502853797236e+01 1.163903265846504276e-01 7.962337370409732287e-03 4.894496889333628253e+00 9.351687788440235516e-02 6.249534187388944950e+00 6.555993926357310819e+00 6.511114949139505725e+00 6.590990845177645774e+00 6.048001314439636553e-03 3.311597745799844672e-01
5.000000000000000000e+00 1.765927616986419224e+01 1.301030513780605524e+00 1.492979643698223491e+01 1.012934464878079144e-01 6.932289429048233906e-03 4.260553400580897154e+00 8.143043388548276695e-02 6.250967774988548165e+00 6.550285825433314280e+00 6.508479319379000927e+00 6.586912266352081602e+00 6.031955514909586626e-03 3.085159336000568575e-01
5.000000000000000000e+00 1.678853007548220688e+01 1.542105886175693996e+00 1.777674851490531083e+01 1.067806726861097594e-01 7.323799368664646314e-03 4.497258184987469321e+00 8.606804495227517171e-02 6.024915487159708150e+00 6.258852806605965213e+00 6.234507892761120829e+00 6.299577849981584876e+00 5.264396590883849841e-03 2.579423529322638076e-01
5.000000000000000000e+00 1.563359501444967492e+01 1.479004955856677572e+00 1.692511548889236650e+01 9.862190279638288759e-02 6.658459362060217129e-03 4.121123173429753095e+00 7.763112947029557342e-02 5.952521145363894206e+00 6.161496555176909418e+00 6.151977733407387738e+00 6.215261112784862263e+00 5.033292527208763599e-03 1.930925023572510058e-01
5.000000000000000000e+00 1.740192653606208140e+01 1.012668101441426050e+00 1.136837103739207677e+01 7.788124740609124463e-02 5.106570746662763248e-03 3.206174325351837773e+00 5.872649045500687864e-02 6.225376861047217325e+00 6.541751364848808592e+00 6.482308164351159974e+00 6.562702144634913637e+00 5.771401529613454442e-03 2.848934499612285065e-01
5.000000000000000000e+00 1.671506856431725652e+01 1.333898794671423804e+00 1.513082360899633549e+01 8.594181365354180979e-02 5.687185018829683456e-03 3.555700618672915869e+00 6.563126858925714957e-02 5.890295120788735517e+00 6.063043180096966189e+00 6.070696646312909728e+00 6.128807664906781305e+00 4.690794746537650141e-03 2.524730106271759200e-01
5.000000000000000000e+00 1.569605697685325474e+01 1.066964369244308708e+00 1.198475737216400816e+01 7.413103753607000468e-02 4.820925413165691974e-03 3.040226982805223077e+00 5.516429442194287214e-02 6.036877137677166161e+00 6.249677028971547088e+00 6.230369042021945525e+00 6.292375362052994525e+00 4.966515249727533263e-03 1.909719001334585775e-01
5.000000000000000000e+00 1.649226607709504933e+01 6.407817170966053633e-01 6.903092580576947412e+00 5.753546034570611312e-02 3.572893431946429308e-03 2.302929434804932729e+00 4.009226944868372888e-02 6.500075166998279030e+00 7.117474284705406440e+00 6.926528501414367156e+00 7.054885461430053795e+00 6.774480912476435815e-03 2.132819502747115847e-01
5.000000000000000000e+00 1.539682462688962161e+01 1.008234305907914630e+00 1.126225394001247082e+01 7.383148007467969787e-02 4.746317356433940420e-03 3.010545025221043058e+00 5.399569576033888541e-02 6.145458427299630877e+00 6.371394808238156848e+00 6.335198898734359929e+00 6.396183517637949123e+00 5.213421470678776537e-03 1.740547229103659443e-01
5.000000000000000000e+00 1.705340900610924493e+01 1.103892745942083309e+00 1.233073033914482508e+01 7.937381653942986171e-02 5.094319711816592579e-03 3.234082650253982116e+00 5.789841750766692996e-02 6.111501565809557057e+00 6.305746451776830241e+00 6.290273012300887423e+00 6.348063291031802891e+00 5.031287999506978657e-03 2.651603734537769652e-01
5.000000000000000000e+00 1.702817952179325545e+01 8.872756334830277369e-01 9.871712677821449233e+00 7.244852609222086903e-02 4.627620352199861981e-03 2.944526329178955848e+00 5.248483180199851883e-02 6.370771086634554159e+00 6.620450891641896263e+00 6.570681138120455955e+00 6.634804679729787935e+00 5.710111677916166265e-03 2.566982221148267906e-01
5.000000000000000000e+00 1.609637224643247677e+01 9.031209003490872078e-01 1.003643874646696688e+01 7.733526312154324900e-02 4.916942504573982090e-03 3.136114239756544020e+00 5.562427222745611882e-02 6.478299536395657476e+00 6.713394842427272913e+00 6.663494466156741680e+00 6.723290464736943584e+00 5.926745671835409110e-03 2.018107641349874970e-01
5.000000000000000000e+00 1.594538108362333517e+01 1.006180668710802584e+00 1.115640020822942979e+01 8.357782100113508861e-02 5.288757105901710845e-03 3.381271345524578198e+00 5.968837031163154450e-02 6.413249117864108229e+00 6.646326300830759592e+00 6.595916031036755278e+00 6.655036576283680283e+00 5.724505008726579747e-03 1.950398801156927597e-01
5.000000000000000000e+00 1.592260059956853091e+01 1.139124642445265678e+00 1.259248372323616749e+01 8.735871173965381598e-02 5.494017189381074535e-03 3.523312788780264437e+00 6.181707042017795667e-02 6.244847134929970345e+00 6.453186435530180454e+00 6.424402955970029971e+00 6.483737682358985843e+00 5.292605636802133300e-03 1.964882063922513689e-01
5.000000000000000000e+00 1.577288031457788797e+01 1.459719439942916530e+00 1.606936455541649522e+01 1.007540138657763568e-01 6.274002106925016461e-03 4.043663635042388016e+00 7.023652732118206010e-02 6.032160660163865096e+00 6.231465510223186399e+00 6.199280549730111112e+00 6.255571997187201028e+00 4.723237039841978596e-03 1.921119205177507228e-01
5.000000000000000000e+00 1.621662927270102728e+01 1.034954105384603640e+00 1.137418825940648048e+01 8.594967893496104072e-02 5.346016762155995743e-03 3.447282515340385434e+00 5.982556702904959223e-02 6.412811016515283846e+00 6.637181941137081154e+00 6.595896164275257156e+00 6.656712206920937014e+00 5.703494051562321178e-03 2.075755748244057508e-01
5.000000000000000000e+00 1.644877868668577747e+01 8.088936763643203021e-01 8.823326829998007881e+00 7.445198519710855001e-02 4.584399939441726954e-03 2.970615258614265564e+00 5.106868642117284168e-02 6.627331559749066514e+00 6.888923566538207588e+00 6.841059983776836440e+00 6.910739842858593107e+00 6.316042680699590454e-03 2.141014873042968170e-01
5.000000000000000000e+00 1.651010225118679031e+01 8.265821512598592324e-01 9.008817724962655760e+00 7.459808349740562616e-02 4.589777480800735776e-03 2.975184166404013286e+00 5.111285715042297728e-02 6.582093323346687619e+00 6.853435589025620445e+00 6.800265924521670335e+00 6.871222292511449226e+00 6.219079891034841150e-03 2.184125593460984616e-01
5.000000000000000000e+00 1.631592103680671713e+01 8.165589204474686946e-01 8.901122362680629507e+00 7.154951267003592519e-02 4.401774694465074647e-03 2.853489039247871784e+00 4.901551260960482909e-02 6.518401925901524230e+00 6.786327249760836011e+00 6.732857022365065447e+00 6.803006251465265386e+00 6.038578636725605575e-03 2.095681227115035739e-01
5.000000000000000000e+00 1.578669631191461065e+01 8.835517108700493560e-01 9.584885793283365985e+00 7.257394858816344774e-02 4.402772369203150800e-03 2.874570601483422472e+00 4.866518338893631446e-02 6.388245079534467408e+00 6.625045376257112650e+00 6.573559236779823678e+00 6.635371270756893480e+00 5.437247486573110015e-03 1.843157146619255060e-01
5.000000000000000000e+00 1.614197279061017554e+01 1.016126622500248544e+00 1.099641529609633750e+01 7.624521621880940569e-02 4.599540938907954908e-03 3.011559278267666340e+00 5.069495387496582295e-02 6.199589519638800894e+00 6.403389486311436229e+00 6.377881929369904057e+00 6.438039939923551280e+00 4.958016399585639736e-03 2.053187627421191042e-01
5.000000000000000000e+00 1.603461656608202546e+01 9.566708390270238782e-01 1.030198997538076711e+01 6.862633780594547261e-02 4.106152581442133222e-03 2.699318143515224033e+00 4.508411697631541093e-02 6.104307988978837862e+00 6.308012203601557566e+00 6.290734158139382082e+00 6.355039787360333037e+00 4.787408992156701355e-03 2.006643494197141719e-01
5.000000000000000000e+00 1.567763560190494587e+01 9.138772923946635318e-01 9.826471870821173127e+00 6.591568444286075024e-02 3.935466595191809344e-03 2.589804468580975350e+00 4.316859364324101417e-02 6.114131684144444634e+00 6.336410426699139009e+00 6.304951061820803559e+00 6.371204212939544753e+00 4.759135740024664218e-03 1.826727208103306188e-01
5.000000000000000000e+00 1.557240064627977993e+01 8.416588835077708497e-01 8.980574846779139975e+00 6.427226620701322057e-02 3.784382917539096548e-03 2.507630204753291903e+00 4.122875102790690000e-02 6.229497921648873060e+00 6.457461851638052863e+00 6.428171349662316736e+00 6.496215200480777163e+00 4.964819598240946888e-03 1.742941979080835369e-01
5.000000000000000000e+00 1.634206749240155077e+01 9.202348954086210231e-01 9.719955782883531015e+00 6.601993978710067601e-02 3.810799990459542205e-03 2.550246718363526455e+00 4.111156247142949693e-02 6.100867142395791198e+00 6.331464177343656630e+00 6.298315660142488781e+00 6.367435606474128207e+00 4.591769190869579575e-03 2.130491496679918217e-01
5.000000000000000000e+00 1.573488031140195176e+01 9.724042768883501831e-01 1.020196040442711372e+01 6.686087658626539698e-02 3.806712472576402780e-03 2.565025637925144153e+00 4.078868980773070474e-02 6.015926343113989994e+00 6.206727656399324999e+00 6.209460899977514714e+00 6.278622765978725262e+00 4.327121427651343770e-03 1.825067503166915017e-01
5.000000000000000000e+00 1.558858533747160280e+01 1.075820853973107338e+00 1.109821479637920838e+01 6.978344091385500769e-02 3.841530127708415142e-03 2.632334863645132028e+00 4.048015706660095664e-02 5.901055741305784252e+00 6.083248391108888598e+00 6.090062321203216555e+00 6.159900667699335308e+00 4.016591105217566342e-03 1.743155197813991697e-01
5.000000000000000000e+00 1.610401929889662398e+01 1.177296830264429328e+00 1.210951656973103852e+01 7.367114380661957118e-02 4.024146197783648113e-03 2.768383760995916099e+00 4.223221535241707819e-02 5.834309010091323522e+00 5.991005121517966714e+00 6.011095764807071085e+00 6.077282671526116786e+00 3.800397803396875131e-03 2.003309119918883774e-01
5.000000000000000000e+00 1.653920219378924727e+01 1.025272420698067011e+00 1.048720090351213763e+01 7.019028803162413732e-02 3.803386079424013987e-03 2.626732625474878624e+00 3.976814635007281523e-02 6.006937097359570821e+00 6.200041494627813954e+00 6.201111379637166188e+00 6.272615673100515821e+00 4.106007770838492055e-03 2.189293437873191805e-01
