5.000000000000000000e+00 2.035647209321028583e+01 1.317396426835031775e+00 2.006967025546491712e+01 3.420088662218963571e-01 4.572865515598376757e-02 2.007404791062677774e+01 7.541959830154471023e-01 8.862921925755824049e+00 1.081685731790793703e+01 1.054389136089276846e+01 1.084926070770847417e+01 5.360641367791282863e-02 6.024515059710966458e-01
5.000000000000000000e+00 2.011200568020538526e+01 1.338369358447881963e+00 2.060352666381253428e+01 3.558467644792205897e-01 4.838664988089823316e-02 2.106644965280465343e+01 8.043707440305567502e-01 8.944225481379181275e+00 1.084927766998857024e+01 1.059116509148398322e+01 1.088033027869312441e+01 5.494057534923207919e-02 5.810061116747871068e-01
5.000000000000000000e+00 2.202314192261368220e+01 6.661088153047166616e-01 1.026574781501882327e+01 2.579785332112192187e-01 3.614631766037441213e-02 1.549827808946949048e+01 6.104227412420538679e-01 1.003734514375103082e+01 1.243467911925405467e+01 1.209473606170209337e+01 1.242875873663344599e+01 8.429904074670034608e-02 7.831910146889150548e-01
5.000000000000000000e+00 2.079720326177347900e+01 1.289211226498125029e+00 2.031017405138547360e+01 3.696503936740501706e-01 5.262288156257397681e-02 2.239152628740563600e+01 8.950849980083630530e-01 9.170832073811386209e+00 1.113131549189540692e+01 1.085993751351102077e+01 1.115742780951561031e+01 6.212987416628750620e-02 6.768803472953675016e-01
5.000000000000000000e+00 2.195344077765643576e+01 8.124638389160907526e-01 1.281107265515960947e+01 3.034620355059102215e-01 4.431926361968509254e-02 1.861408969859633089e+01 7.639850784876868195e-01 9.920510278424337969e+00 1.227089759193047591e+01 1.195762947546707444e+01 1.228939524641914360e+01 8.427698886228550401e-02 8.055239087553897059e-01
5.000000000000000000e+00 2.105410140116778450e+01 9.263133108722583220e-01 1.479811157332601823e+01 3.255188568095417345e-01 4.847280651865081003e-02 2.016484688789347501e+01 8.433927423771406806e-01 9.737158523677686972e+00 1.203310894453514024e+01 1.169890474104887268e+01 1.201484603591513611e+01 8.115506404668026974e-02 7.039216287943508288e-01
5.000000000000000000e+00 2.070076358406257810e+01 9.595531236081777937e-01 1.546843070239171958e+01 3.295901125983768942e-01 4.975742000411299826e-02 2.056191506842468897e+01 8.711764691136177907e-01 9.669389376054942531e+00 1.197511389308234442e+01 1.158102425838625216e+01 1.187334486525843147e+01 7.915465025896352425e-02 6.706395609988516915e-01
5.000000000000000000e+00 1.966668488501298029e+01 1.546593783556412305e+00 2.515928163809881468e+01 4.258288433386959726e-01 6.424806667665623749e-02 2.656284358112223742e+01 1.124074791257447137e+00 9.049602745612167709e+00 1.104164446095495400e+01 1.069664837802637436e+01 1.096568456136890646e+01 6.179106180269137993e-02 5.764189593292374791e-01
5.000000000000000000e+00 2.047777376150470019e+01 1.140626189592225836e+00 1.826054193908808188e+01 3.705786629105329855e-01 5.577731917093017161e-02 2.307949975021702116e+01 9.756660859062491475e-01 9.441457002984767755e+00 1.185989528745866650e+01 1.146752060982558952e+01 1.177931689788236369e+01 7.665898965596122661e-02 6.461678075359276185e-01
5.000000000000000000e+00 1.903708265108425124e+01 2.132526581513882746e+00 3.467907562708086289e+01 5.128819289539836568e-01 7.651854568718863270e-02 3.181756430338425190e+01 1.330896926832278337e+00 8.692212617359025728e+00 1.050604859360334586e+01 1.018032569077586835e+01 1.043285815231087632e+01 5.256112077037751462e-02 5.191564832916299999e-01
5.000000000000000000e+00 1.859843789175195639e+01 2.641414180442756443e+00 4.271501615102069849e+01 5.749674632074099900e-01 8.449189261739895040e-02 3.540079528336893588e+01 1.458448617450375462e+00 8.422733249638071129e+00 1.011723651323013939e+01 9.837637782848476675e+00 1.008432573581904279e+01 4.679319422475887447e-02 4.784352217171115584e-01
5.000000000000000000e+00 2.139000264746266566e+01 1.296901367666756233e+00 1.940497611273654144e+01 3.758278054550779901e-01 5.323157276364580415e-02 2.267507997825494215e+01 9.064748219740602631e-01 8.802400681870990340e+00 1.212923353846097463e+01 1.159664174087332000e+01 1.202905496767638915e+01 7.795475910766698491e-02 7.278237999595635888e-01
5.000000000000000000e+00 1.972550606523127925e+01 1.859040900862676704e+00 2.895619987707716803e+01 4.863444685816637469e-01 6.906774908645954558e-02 2.941801406169582123e+01 1.173979845509344422e+00 8.803374661775395182e+00 1.107014714069217121e+01 1.068426805262941315e+01 1.099219712523903070e+01 5.882610551285858552e-02 5.587479048851343721e-01
5.000000000000000000e+00 1.938550283814426223e+01 2.104765594264781825e+00 3.254737626987618881e+01 5.097812206053290440e-01 7.140159544816622461e-02 3.061858581857355333e+01 1.205841550131282247e+00 8.581318076611596624e+00 1.080266698259675806e+01 1.044269739853238832e+01 1.076274911015147850e+01 5.462365478346628556e-02 5.240514639497333427e-01
5.000000000000000000e+00 1.869162070513935348e+01 3.024005022781651952e+00 4.752694734327427994e+01 6.368664153008429807e-01 8.991904401073128050e-02 3.842161746329497163e+01 1.522947671192197650e+00 8.271685828844850263e+00 1.007882455139999145e+01 9.837670387082880552e+00 1.011347444544467677e+01 4.572592276625832980e-02 4.742824531164638313e-01
5.000000000000000000e+00 2.046649931807552747e+01 1.917328675818585904e+00 2.910043559296167359e+01 4.950065439149608504e-01 6.967646264308451076e-02 2.978627530382264510e+01 1.181505667510886148e+00 8.599731426260690981e+00 1.137837920625971577e+01 1.094913807996135979e+01 1.133010230092269133e+01 6.444837051585534937e-02 6.330645059224306870e-01
5.000000000000001776e+00 1.738524964193624456e+01 5.730514902546615552e+00 9.355545077908959684e+01 9.207600288980651859e-01 1.334282928364371179e-01 5.631932794983261914e+01 2.284777759946828191e+00 7.737501195462949788e+00 8.767519037629076806e+00 8.718851378663330820e+00 8.918888430067621442e+00 3.204644069151019875e-02 3.917054416937084671e-01
5.000000000000000000e+00 2.061172389410685568e+01 1.895154533009239861e+00 2.904232828281305956e+01 5.045181756288639185e-01 7.174627402953652477e-02 3.051792520860772484e+01 1.222560905409835863e+00 8.726569443890097588e+00 1.131109329552343823e+01 1.098231432897756576e+01 1.135689412201628556e+01 6.536183510041822242e-02 6.558466399718031470e-01
5.000000000000000000e+00 1.853042464228314401e+01 4.403609856871243622e+00 7.100535803403852242e+01 8.258366677639874531e-01 1.187886619559766627e-01 5.030434458860396774e+01 2.029111768547927852e+00 8.091203864855211592e+00 9.349631986550999585e+00 9.280013216475284210e+00 9.526408290462834216e+00 3.853421185602676213e-02 4.821707869162480398e-01
5.000000000000000000e+00 1.997833865551235633e+01 3.072091200078169937e+00 4.852252094309076824e+01 6.830632957369400238e-01 9.700536963527632561e-02 4.131636468522832928e+01 1.649437217931166710e+00 8.465471289652297671e+00 1.007218448764050045e+01 9.989570236661283076e+00 1.030339859748953479e+01 4.892911310073380649e-02 6.141759983111199084e-01
5.000000000000000000e+00 1.958889942920684035e+01 3.406351773362776836e+00 5.357726686904457836e+01 7.074547496168039906e-01 1.004959329313226818e-01 4.278220268102868573e+01 1.710852494179121441e+00 8.246360475900267772e+00 9.898991230019532850e+00 9.860581520641225950e+00 1.021118097258319857e+01 4.776812384004072709e-02 5.736036634380865529e-01
5.000000000000000000e+00 2.069123677518103932e+01 2.164465199192238565e+00 3.317365706943294157e+01 5.621150158176315692e-01 7.935182543912534803e-02 3.385814373239998076e+01 1.349724232917237199e+00 8.722823846862711505e+00 1.096667173994001132e+01 1.087504225144523673e+01 1.131600486481828938e+01 6.432973074763319310e-02 6.681493192518097590e-01
5.000000000000000000e+00 1.907318782028606918e+01 3.012101965801136316e+00 4.690277567612525189e+01 6.645446792948113135e-01 9.419712223457801792e-02 4.012386698980327537e+01 1.604204798153280764e+00 8.358380108008736542e+00 1.016626385513352204e+01 1.017727797706838011e+01 1.058141235909992162e+01 5.287222605869997677e-02 5.075375064721683316e-01
5.000000000000000000e+00 1.874304581293848670e+01 4.309399714728080255e+00 6.810338534707389613e+01 7.764521474894872100e-01 1.111466747970644986e-01 4.712434526221770881e+01 1.900926997715416622e+00 7.874451363081576005e+00 9.348884422808612982e+00 9.451921445524394727e+00 9.825972637251080499e+00 4.281550383797412540e-02 4.989594811689754272e-01
5.000000000000000000e+00 2.023436842503815569e+01 1.835504736105449952e+00 2.807169608867069854e+01 4.495887965584680623e-01 6.529622079204269736e-02 2.744325654021551841e+01 1.129347658080783301e+00 8.434874305008714046e+00 1.110035852124200595e+01 1.097393734640124308e+01 1.151113643679771137e+01 7.064344313526323138e-02 6.233989343432884134e-01
5.000000000000000000e+00 1.823988198976163133e+01 2.949093499264171747e+00 4.678442746533596619e+01 5.768783237070012060e-01 8.568368067593450099e-02 3.564960539369239712e+01 1.494233206602521014e+00 7.974477372286468579e+00 9.974314124077114485e+00 9.920228436198742727e+00 1.033956246178510874e+01 5.182106865862087797e-02 4.502311415318721033e-01
5.000000000000000000e+00 1.675174934001931959e+01 4.142902487017127378e+00 6.800434308021451102e+01 6.990083460018822192e-01 1.065710663805025660e-01 4.380676550297560112e+01 1.877880775038069938e+00 7.725216566304719201e+00 9.205945155554156045e+00 9.188369743007633872e+00 9.508157028976427227e+00 4.131226729890231930e-02 3.463138419242634547e-01
5.000000000000000000e+00 1.848238769761589850e+01 1.602053984116256879e+00 2.527551375248619081e+01 3.894648136326409604e-01 5.920578397551390371e-02 2.434251372644507327e+01 1.045028415882506279e+00 8.438875623140754456e+00 1.114902089963678300e+01 1.082725168310234842e+01 1.127613239471936346e+01 6.876590222052744727e-02 4.585327993361466570e-01
5.000000000000000000e+00 1.580393376282612650e+01 4.265887309111132453e+00 7.079998050247546360e+01 6.590769391890869411e-01 1.016996897064258026e-01 4.156776682767233666e+01 1.801028986271667742e+00 7.526038115305413001e+00 8.916706359225168299e+00 8.865014205775636924e+00 9.145828275621417092e+00 3.697993369624815591e-02 2.859929177664515265e-01
5.000000000000001776e+00 1.597002072951590179e+01 4.096691263688630791e+00 6.816935224330835297e+01 6.443570541310796873e-01 9.963970017842221916e-02 4.068683776191647894e+01 1.765863495662346683e+00 7.581957579257763591e+00 8.948213268536356679e+00 8.885551743262219304e+00 9.155141825931751853e+00 3.688565530952003790e-02 2.979303349858261063e-01
5.000000000000000000e+00 1.849842981840967227e+01 1.323909023101490723e+00 2.090408730219017031e+01 3.477668666319269630e-01 5.317632746179797032e-02 2.180359039198375015e+01 9.407890584343004958e-01 8.640394764703080099e+00 1.140647384707449596e+01 1.108144010391284162e+01 1.150955574967013639e+01 7.300043013788758139e-02 4.564440517647377349e-01
5.000000000000000000e+00 1.773798548743559422e+01 1.455317815046299756e+00 2.328186850565768040e+01 3.654612025677062004e-01 5.575279044604552342e-02 2.289985492015641100e+01 9.836620067428516467e-01 8.615620104619452491e+00 1.106025778321642861e+01 1.071097283735154626e+01 1.107506390102821570e+01 6.472052798468055923e-02 3.957199594733686876e-01
5.000000000000000000e+00 1.679994958424066454e+01 1.959680289565255640e+00 3.207178550361425806e+01 4.313133656452786124e-01 6.568332632465934129e-02 2.702278624121060702e+01 1.155552585869270343e+00 8.425214091314032316e+00 1.023016121767753361e+01 9.952000922312462805e+00 1.023726082373957524e+01 5.091399577722750813e-02 3.353899037560424401e-01
4.999999999999999112e+00 1.527960802782858174e+01 3.258390525149310601e+00 5.392963985732852450e+01 5.543132394075352964e-01 8.373082033150805459e-02 3.460635852049936290e+01 1.465001229589546927e+00 7.836491056861711435e+00 9.150992182193979474e+00 8.975478135872613450e+00 9.202148946143189789e+00 3.647415770065502022e-02 2.462647246551809277e-01
5.000000000000000000e+00 1.722812960556887774e+01 1.418444957279983099e+00 2.243438579598512916e+01 3.417906053640113462e-01 4.967544999931450267e-02 2.091206312745769935e+01 8.545825682629456521e-01 8.613362412930179346e+00 1.061517027738236862e+01 1.035022767320539749e+01 1.066468631467768091e+01 5.502353647352047072e-02 3.478415709478979156e-01
5.000000000000000000e+00 1.616423305418418366e+01 2.798957521991771724e+00 4.541090672704057596e+01 4.884759776980540091e-01 7.085463310635434220e-02 2.988400076531554816e+01 1.214850832415290682e+00 7.914839513079387601e+00 9.135390295201871069e+00 9.019862670949651218e+00 9.241950868254489748e+00 3.579536004458968440e-02 2.951393851703973392e-01
5.000000000000001776e+00 1.471744434911175858e+01 3.555818335524252305e+00 5.770341091548374379e+01 5.510485605761898942e-01 7.897879516463868210e-02 3.351972292411322485e+01 1.345031020207523964e+00 7.648783502223940545e+00 8.705841964380420350e+00 8.596996037159446047e+00 8.789174073815335220e+00 3.015401202336578934e-02 2.099602554754130546e-01
5.000000000000000000e+00 1.753501430329845689e+01 1.240427642074310333e+00 1.891598645027084302e+01 3.113053427628961201e-01 4.301892556398177747e-02 1.856732015165340144e+01 7.220871975159756095e-01 8.655860318378644891e+00 1.094948221788016340e+01 1.058433083432704969e+01 1.091182980106524880e+01 5.621732255852814747e-02 3.533295647256165517e-01
5.000000000000000000e+00 1.605022212831075734e+01 2.051264637015002279e+00 3.183116723338030596e+01 4.104651165668939949e-01 5.535479148239486752e-02 2.420728542539757200e+01 9.156624158426327487e-01 8.238257353895255264e+00 9.734663010143519202e+00 9.478129841551265145e+00 9.712314904877597854e+00 3.825969409168092361e-02 2.635272713149133805e-01
