5.000000000000000000e+00 3.054611609365501934e+01 2.968512726009957969e+00 3.877989261592264114e+01 5.756670631446590969e-01 6.329107766319291839e-02 3.043989434917516235e+01 9.664862103857346787e-01 7.834388528746417002e+00 9.973807943931415565e+00 1.043946348259328971e+01 1.143109654045452217e+01 5.426737095187107729e-02 2.676698363988966101e+00
5.000000000000000000e+00 3.457786413801465386e+01 2.185013819846861161e+00 2.497550305293166062e+01 5.000067955743693338e-01 4.542195467020863214e-02 2.388853592898573908e+01 6.430135263984549931e-01 8.243993608843599219e+00 1.039179740542858710e+01 1.121271232515170091e+01 1.274903640201679877e+01 6.540881341195130261e-02 3.907099615036929485e+00
5.000000000000000000e+00 3.432860859771973594e+01 2.195197020138784261e+00 2.474522905708942133e+01 4.577632812429954789e-01 4.055719007127019798e-02 2.155692853778850449e+01 5.707318498272750951e-01 8.028493560551085650e+00 9.885781026024840656e+00 1.095454036174580459e+01 1.266976654078479392e+01 6.312878560113609205e-02 3.791304064495514048e+00
5.000000000000000000e+00 3.420382335747154912e+01 1.684227098613417128e+00 1.871509962908705660e+01 3.584952899393177295e-01 3.228827484049896779e-02 1.696709564897835421e+01 4.623120571689249836e-01 8.020086332932820028e+00 9.917511613317138597e+00 1.134773357069134825e+01 1.338549467091229772e+01 7.694531584127600743e-02 3.695192567888471391e+00
5.000000000000000000e+00 3.358907668570537908e+01 1.344637989368435704e+00 1.481844057669625947e+01 2.789274805998896434e-01 2.596463871923408370e-02 1.339211669584212139e+01 3.797724668007253501e-01 7.850252638200292843e+00 1.011330792624797859e+01 1.164230634664543729e+01 1.387681292588221282e+01 9.050743332937415120e-02 3.440541456216053007e+00
5.000000000000000000e+00 3.612207402686662050e+01 2.771374783689798393e-01 2.965050894240907287e+00 1.118167383659318254e-01 1.275790731561938542e-02 5.934160008680171572e+00 2.058877660837546697e-01 9.016444365867043231e+00 1.588326369889531975e+01 1.588861170276543078e+01 1.842801747782928601e+01 2.544298718240714519e-01 4.306512175596262537e+00
5.000000000000000000e+00 3.407668826679979901e+01 2.765492577009123765e-01 3.107113141023623903e+00 9.795341640214821899e-02 1.131345829334715232e-02 5.251061434919721549e+00 1.819055923730978908e-01 8.740140583124995644e+00 1.482628445018276331e+01 1.482381246424044896e+01 1.693425377463957560e+01 1.951275580772825202e-01 3.577253954595596142e+00
5.000000000000000000e+00 3.273904302278950951e+01 2.346194830567403244e-01 2.761852866757967373e+00 8.380756350927244525e-02 9.900109074030093506e-03 4.558700886111923367e+00 1.596528848953476798e-01 8.873791746946212200e+00 1.420726971265194294e+01 1.436536313419081878e+01 1.615609764022570616e+01 1.715234712779366566e-01 3.145239383303433112e+00
5.000000000000000000e+00 3.401234749806521052e+01 1.196682251192606738e-01 1.422118448564625659e+00 5.886330179226746673e-02 7.365428206246253835e-03 3.297545895052762965e+00 1.219755002395457172e-01 9.737769036861987360e+00 1.562896409473220949e+01 1.589028153810744826e+01 1.770154377646672827e+01 2.364890080357946733e-01 3.572254731323058152e+00
5.000000000000000000e+00 3.328257998314896327e+01 7.611072448149719394e-02 9.948876179451013879e-01 3.702774999376651915e-02 4.885413436512504003e-03 2.133251504479720229e+00 8.292172902884296926e-02 1.013443331396147506e+01 1.426221388183821226e+01 1.506447496065112901e+01 1.682773372718936500e+01 2.148481980991942819e-01 3.513465845997278958e+00
5.000000000000000000e+00 3.400867026053305153e+01 4.339143394531577713e-02 5.862978930939238831e-01 2.668397323419560360e-02 3.859667994060293501e-03 1.608193220102373644e+00 6.873659743602748839e-02 1.089064780723626313e+01 1.558649212693731911e+01 1.645665210768749276e+01 1.844195960018218017e+01 3.096191042956516482e-01 3.842715381300935817e+00
5.000000000000000000e+00 3.584278434387351808e+01 2.073803401798577500e-02 2.899307038318988949e-01 1.978636780430774456e-02 3.248511756890587032e-03 1.271242098673975196e+00 6.143335015006505528e-02 1.234208329191548259e+01 1.850995997319880004e+01 1.920258726064936639e+01 2.124632421371544666e+01 5.335570991046694189e-01 4.657221132665656960e+00
5.000000000000000000e+00 3.400444265752145157e+01 1.833392530580020552e-02 2.783089303862307240e-01 1.496712570434587802e-02 2.648772101755427193e-03 1.000597486211995735e+00 5.171536873600627443e-02 1.196111761846452204e+01 1.745198788109441779e+01 1.791451615391894592e+01 1.970712131302218850e+01 4.508404674087229669e-01 4.172002248839775440e+00
5.000000000000000000e+00 3.485206857945966874e+01 1.113209354836510422e-02 1.754029164882481007e-01 1.211623720369080226e-02 2.282651552620055743e-03 8.368314158829893712e-01 4.579715606552060836e-02 1.320864603391545700e+01 1.920105855807452855e+01 1.933180975645951705e+01 2.100968065363067439e+01 5.808798072482490582e-01 4.571959323813860721e+00
5.000000000000000000e+00 3.521386678765139777e+01 8.867580661792356933e-03 1.414532938274394580e-01 1.041782165104495998e-02 2.030836712278784838e-03 7.322422717298944228e-01 4.138615841978347115e-02 1.346852494377243481e+01 1.987556772478601985e+01 1.985218226817305265e+01 2.149142214201965118e+01 6.412335780735928248e-01 4.799208965865938481e+00
5.000000000000000000e+00 3.527012383611830870e+01 6.865423193638652694e-03 1.103303872971489047e-01 8.729469907927264738e-03 1.757377065830961413e-03 6.238059993850511020e-01 3.634001255428063321e-02 1.370012900507294873e+01 2.060635487979033798e+01 2.044957992984669559e+01 2.204506977561388936e+01 7.099064888627967251e-01 4.840965194457758969e+00
5.000000000000000000e+00 3.285789674539388017e+01 7.588527176308032703e-03 1.230685131640430335e-01 6.916594850099109029e-03 1.427403575990706134e-03 5.004082435602589252e-01 2.988875574300216276e-02 1.210970142731560806e+01 1.891519260456346174e+01 1.886074311498607869e+01 2.043397392903319698e+01 5.778970320393895799e-01 3.929248831986180246e+00
