-6.857118457170544801e+00
-6.951330207624562441e+00
-6.292105461917626208e+00
-7.139687502414703069e+00
-6.688256940658650507e+00
-6.990218590042247548e+00
-7.162258895645351231e+00
-7.672014347823097324e+00
-7.168534837005815064e+00
-7.860104027109890090e+00
-7.928135253912561353e+00
-6.515294769954683041e+00
-7.076897049709453213e+00
-7.092900596967732341e+00
-7.524558263300301419e+00
-6.787101660465040709e+00
-8.439764496299133612e+00
-6.818948437052943845e+00
-7.977948812557533742e+00
-7.396278865560549143e+00
-7.464080917455255815e+00
-6.752465430023325332e+00
-7.209917978550082651e+00
-7.745286535723546528e+00
-6.877721945488545430e+00
-7.724801167949406633e+00
-8.415977918069787123e+00
-7.314524187680228273e+00
-8.707108321695390174e+00
-8.696758966119951140e+00
-7.153577008962621164e+00
-7.351018260294273077e+00
-7.808233562144077489e+00
-8.369343993224877210e+00
-7.111843649434560710e+00
-7.958683554046621644e+00
-8.130024119748345157e+00
-6.482753698713140444e+00
-6.991782930605157098e+00
