-5.323885883683901810e+00
-5.312921122136907037e+00
-5.457795761636718979e+00
-4.771364110044555851e+00
-4.786299548382578983e+00
-3.917973510891385125e+00
-3.984812056481828790e+00
-4.077602040594862309e+00
-4.118410837467559205e+00
-4.055283337283186462e+00
-3.836264429949147292e+00
-3.954926845735303509e+00
-3.320214825156736715e+00
-4.374014814495389203e+00
-3.739249626264818716e+00
-4.455288579266126980e+00
-3.378852131436678619e+00
-3.627242149673449489e+00
-3.278122353728134541e+00
-3.942098669112215958e+00
-3.904654944770745040e+00
-3.881640899907966791e+00
-4.103890546757619440e+00
-4.066337604842122921e+00
-3.613116894905800791e+00
-3.991149113328130937e+00
-3.745693269215857768e+00
-2.902726795971161344e+00
-3.566428424371755668e+00
-3.580664224663172135e+00
-3.309119340219716321e+00
-3.193411462775967991e+00
-3.207562991786001128e+00
-3.299618810177876504e+00
-3.417623800573286630e+00
-3.068005069530460815e+00
-2.796290372135784352e+00
-2.810299752293289544e+00
-2.850257961618691382e+00
-2.890187397403133573e+00
-3.008020521507210887e+00
-3.021914633266640671e+00
-2.983824677688552640e+00
-2.789840502136224032e+00
-2.777669729409059762e+00
-2.765469657566899109e+00
-2.675307649230918017e+00
-2.689026228907809291e+00
-2.468917596360583389e+00
